eigenvalues =

    2.2654
   -2.1976
   -0.0678


error =

    1.9322


i =

    34


M =

    5.3781  -10.1129  -14.7557
   -0.0427   -1.9415    0.0854
    0.7183   -0.9846   -3.4366


eigenvalues =

    5.3781
   -1.9415
   -3.4366


error =

    1.4366


i =

    35


M =

    3.4614   -7.1839   17.2070
    0.0458   -2.0603    0.1443
    0.1901   -0.2500   -1.4011


eigenvalues =

    3.4614
   -2.0603
   -1.4011


error =

    0.5989


i =

    36


M =

    4.3039   -8.4879  -16.3112
   -0.0211   -1.9716    0.0546
    0.1284   -0.1729   -2.3323


eigenvalues =

    4.3039
   -1.9716
   -2.3323


error =

    0.3323


i =

    37


M =

    3.8571   -7.7964   16.8189
    0.0113   -2.0150    0.0325
    0.0550   -0.0732   -1.8420


eigenvalues =

    3.8571
   -2.0150
   -1.8420


error =

    0.1580


i =

    38


M =

    4.0737   -8.1319  -16.5823
   -0.0055   -1.9926    0.0150
    0.0297   -0.0397   -2.0810


eigenvalues =

    4.0737
   -1.9926
   -2.0810


error =

    0.0810


i =

    39


M =

    3.9637   -7.9616   16.7046
    0.0028   -2.0037    0.0078
    0.0143   -0.0191   -1.9600


eigenvalues =

    3.9637
   -2.0037
   -1.9600


error =

    0.0400


i =

    40


M =

    4.0183   -8.0461  -16.6445
   -0.0014   -1.9981    0.0038
    0.0073   -0.0097   -2.0201


eigenvalues =

    4.0183
   -1.9981
   -2.0201


error =

    0.0201


i =

    41


M =

    3.9909   -8.0037   16.6748
    0.0007   -2.0009    0.0019
    0.0036   -0.0048   -1.9900


eigenvalues =

    3.9909
   -2.0009
   -1.9900


error =

    0.0100


i =

    42


M =

    4.0046   -8.0249  -16.6597
   -0.0003   -1.9995    0.0010
    0.0018   -0.0024   -2.0050


eigenvalues =

    4.0046
   -1.9995
   -2.0050


error =

    0.0050


i =

    43


M =

    3.9977   -8.0143   16.6673
    0.0002   -2.0002    0.0005
    0.0009   -0.0012   -1.9975


eigenvalues =

    3.9977
   -2.0002
   -1.9975


error =

    0.0025


i =

    44


M =

    4.0011   -8.0196  -16.6635
   -0.0001   -1.9999    0.0002
    0.0005   -0.0006   -2.0013


eigenvalues =

    4.0011
   -1.9999
   -2.0013


error =

    0.0013


i =

    45


M =

    3.9994   -8.0170   16.6654
    0.0000   -2.0001    0.0001
    0.0002   -0.0003   -1.9994


eigenvalues =

    3.9994
   -2.0001
   -1.9994


error =

   6.2775e-04


i =

    46


M =

    4.0003   -8.0183  -16.6644
   -0.0000   -2.0000    0.0001
    0.0001   -0.0002   -2.0003


eigenvalues =

    4.0003
   -2.0000
   -2.0003


error =

   3.1391e-04


i =

    47


M =

    3.9999   -8.0176   16.6649
    0.0000   -2.0000    0.0000
    0.0001   -0.0001   -1.9998


eigenvalues =

    3.9999
   -2.0000
   -1.9998


error =

   1.5694e-04


i =

    48


M =

    4.0001   -8.0179  -16.6647
   -0.0000   -2.0000    0.0000
    0.0000   -0.0000   -2.0001


eigenvalues =

    4.0001
   -2.0000
   -2.0001


error =

   7.8474e-05


i =

    49


M =

    4.0000   -8.0178   16.6648
    0.0000   -2.0000    0.0000
    0.0000   -0.0000   -2.0000


eigenvalues =

    4.0000
   -2.0000
   -2.0000


error =

   3.9237e-05


i =

    50


M =

    4.0000   -8.0179  -16.6647
   -0.0000   -2.0000    0.0000
    0.0000   -0.0000   -2.0000


eigenvalues =

    4.0000
   -2.0000
   -2.0000


error =

   1.9618e-05


i =

    51


M =

    4.0000   -8.0178   16.6648
    0.0000   -2.0000    0.0000
    0.0000   -0.0000   -2.0000


eigenvalues =

    4.0000
   -2.0000
   -2.0000


error =

   9.8092e-06


i =

    52


M =

    4.0000   -8.0178  -16.6648
   -0.0000   -2.0000    0.0000
    0.0000   -0.0000   -2.0000


eigenvalues =

    4.0000
   -2.0000
   -2.0000


error =

   4.9046e-06


i =

    53


M =

    4.0000   -8.0178   16.6648
    0.0000   -2.0000    0.0000
    0.0000   -0.0000   -2.0000


eigenvalues =

    4.0000
   -2.0000
   -2.0000


error =

   2.4523e-06


i =

    54


M =

    4.0000   -8.0178  -16.6648
   -0.0000   -2.0000    0.0000
    0.0000   -0.0000   -2.0000


eigenvalues =

    4.0000
   -2.0000
   -2.0000


error =

   1.2262e-06


i =

    55


M =

    4.0000   -8.0178   16.6648
    0.0000   -2.0000    0.0000
    0.0000   -0.0000   -2.0000


eigenvalues =

    4.0000
   -2.0000
   -2.0000


error =

   6.1308e-07


i =

    56